image: mymap.pgm
resolution: 0.050000
origin: [-0.713499, -3.939969, 0.0]
negate: 0
occupied_thresh: 0.65
free_thresh: 0.196
